120170
120256
120345
120425
120985
121065
121185
121265
121398
121454
121575
121685
121724
121856
110125
110278
110396
210554
210654
210754
210850
210968
211069
110470
110571
110672
110773
110889
110988
111087
111186
111285
111384
111405
111545
111646
120578
120648
120749
120850
111751
111852
111953
112054
112150
112268
210198
210257
210375
210485
211165
220124
220236
220345
220425
220565
220641
220752
220886
220998
221063
221189
221245
221365
310115
310221
310387
310456
310545
310698
310765
311397
131062
131160
131259
131358
131469
131556
131645
320142
320254
320386
320487
320558
320665
320783
320882
320921
130158
130209
130345
130465
130535
310865
310985
311084
311185
311285
130685
130784
130884
130985
131785
131884
131986
132084
